35  (1671,660)
36  (1820,655)
33  (1364,656)
159  (1528,1937)
34  (1519,659)
158  (1375,1945)
39  (389,784)
157  (1228,1939)
156  (1073,1936)
37  (1969,658)
155  (920,1936)
38  (276,784)
154  (782,1939)
152  (473,1936)
153  (621,1935)
150  (2018,1811)
151  (323,1931)
43  (994,785)
42  (844,783)
41  (693,787)
40  (543,784)
202  (465,2439)
203  (620,2445)
204  (782,2437)
205  (924,2446)
200  (2014,2330)
201  (320,2445)
22  (1595,528)
23  (1749,541)
169  (1151,2068)
24  (1891,529)
25  (2013,534)
206  (1070,2444)
26  (316,659)
166  (695,2062)
207  (1221,2446)
27  (472,655)
165  (548,2066)
208  (1375,2452)
28  (631,665)
168  (999,2067)
209  (1526,2445)
29  (771,663)
167  (849,2065)
3  (615,422)
161  (1824,1937)
2  (457,418)
162  (1978,1943)
1  (316,413)
163  (281,2067)
164  (397,2062)
7  (1209,416)
30  (919,659)
6  (1066,412)
5  (919,415)
32  (1211,662)
4  (766,419)
31  (1072,659)
160  (1672,1936)
9  (1511,418)
8  (1370,415)
211  (1827,2445)
212  (1965,2439)
210  (1677,2448)
215  (1320,2565)
216  (1401,2565)
213  (998,2557)
19  (1140,528)
214  (1262,2553)
17  (840,528)
179  (772,2197)
18  (997,532)
178  (620,2196)
217  (1120,2551)
15  (543,535)
177  (468,2194)
218  (1176,2559)
16  (693,529)
176  (316,2196)
13  (277,528)
14  (393,530)
11  (1823,420)
12  (1969,416)
21  (1449,534)
170  (1296,2067)
20  (1294,529)
171  (1453,2069)
174  (1900,2066)
175  (2015,2068)
172  (1599,2064)
173  (1748,2062)
188  (276,2320)
187  (1972,2212)
189  (393,2317)
180  (926,2197)
10  (1664,416)
181  (1069,2200)
182  (1219,2200)
183  (1373,2193)
184  (1513,2198)
185  (1668,2200)
186  (1823,2197)
116  (703,1553)
79  (771,1166)
117  (847,1556)
Base H  (1671,2656)
78  (616,1164)
114  (390,1552)
Base G  (1529,2658)
77  (466,1169)
115  (546,1554)
112  (1965,1429)
113  (273,1551)
110  (1677,1426)
111  (1818,1425)
Base B  (802,2656)
Base A  (657,2654)
Base F  (1387,2654)
Base E  (1237,2658)
Base D  (1096,2658)
118  (1000,1556)
Base C  (952,2654)
119  (1151,1554)
82  (1215,1168)
83  (1369,1166)
80  (921,1173)
81  (1069,1169)
86  (1815,1167)
87  (1972,1166)
84  (1521,1171)
85  (1663,1171)
67  (842,1042)
125  (2020,1560)
66  (703,1045)
126  (320,1681)
69  (1145,1037)
127  (472,1682)
68  (989,1042)
128  (623,1686)
121  (1450,1557)
122  (1600,1553)
123  (1742,1560)
124  (1900,1554)
129  (775,1681)
70  (1292,1036)
71  (1440,1040)
120  (1300,1555)
72  (1592,1040)
73  (1741,1047)
74  (1892,1045)
75  (2011,1041)
76  (309,1169)
134  (1524,1683)
135  (1678,1682)
132  (1223,1681)
59  (1516,910)
133  (1379,1682)
58  (1372,909)
138  (281,1814)
57  (1216,905)
139  (396,1808)
56  (1068,912)
136  (1827,1681)
55  (919,906)
137  (1978,1682)
64  (399,1043)
65  (548,1040)
62  (1966,908)
63  (273,1032)
60  (1658,915)
131  (1072,1683)
61  (1817,913)
130  (921,1683)
49  (1894,781)
143  (1000,1810)
48  (1741,787)
144  (1144,1806)
145  (1301,1810)
Red  (1112,2613)
146  (1448,1810)
45  (1295,780)
147  (1592,1806)
44  (1145,783)
148  (1751,1809)
47  (1595,784)
149  (1901,1809)
46  (1441,777)
51  (320,913)
52  (468,911)
53  (621,907)
54  (768,906)
140  (542,1810)
142  (849,1812)
50  (2011,786)
141  (699,1806)
109  (1521,1424)
108  (1373,1424)
107  (1229,1422)
106  (1091,1413)
105  (923,1429)
104  (774,1427)
103  (620,1423)
102  (470,1419)
99  (1897,1301)
101  (319,1424)
100  (2029,1307)
98  (1747,1298)
97  (1598,1298)
96  (1447,1294)
95  (1305,1297)
94  (1149,1297)
93  (999,1300)
92  (847,1294)
91  (695,1296)
90  (547,1297)
88  (278,1296)
89  (398,1297)
there be dragons  (73,1435)
195  (1298,2322)
194  (1152,2325)
197  (1601,2334)
196  (1445,2332)
191  (701,2320)
190  (546,2317)
193  (993,2322)
192  (844,2324)
198  (1739,2324)
199  (1893,2326)
Black  (1007,2617)