35  (1649,637)  (1603,652)  (1644,591)  (1695,617)
36  (1798,632)  (1752,651)  (1844,616)
33  (1342,633)  (1388,613)
159  (1506,1914)  (1460,1936)  (1460,1890)
34  (1497,636)  (1451,651)  (1496,590)  (1543,615)
158  (1353,1922)  (1307,1934)  (1335,1876)
39  (367,761)  (413,741)
157  (1206,1916)  (1160,1936)  (1160,1890)
156  (1051,1913)  (1005,1933)
37  (1947,635)  (1901,651)  (1993,615)
155  (898,1913)  (852,1931)  (944,1896)
38  (254,761)
154  (760,1916)  (714,1938)  (714,1892)
152  (451,1913)  (405,1933)
153  (599,1912)  (553,1932)  (645,1897)
150  (1993,1790)
151  (301,1908)  (255,1933)  (302,1954)
43  (972,762)  (926,779)  (1018,743)
42  (822,760)  (776,779)  (868,743)
41  (671,764)  (625,778)  (671,718)  (717,743)
40  (521,761)  (475,778)  (567,743)
202  (443,2416)  (489,2405)
203  (598,2422)  (552,2441)  (644,2408)
204  (760,2414)  (714,2441)
205  (902,2423)  (856,2441)
200  (1992,2307)
201  (298,2422)  (252,2441)  (344,2408)
22  (1573,505)  (1527,523)  (1619,488)
23  (1727,518)  (1681,525)  (1703,472)
169  (1129,2045)  (1083,2063)  (1119,1999)
24  (1869,506)  (1915,486)
25  (1991,511)
26  (294,636)  (296,590)  (340,636)
166  (673,2039)  (627,2059)  (719,2024)
206  (1048,2421)  (1002,2441)  (1094,2408)
27  (450,632)  (404,652)
165  (526,2043)  (480,2061)
207  (1199,2423)  (1153,2441)  (1245,2409)
28  (609,642)  (563,657)  (563,611)  (609,596)
168  (977,2044)  (931,2061)  (971,1998)
208  (1353,2429)  (1307,2441)  (1344,2383)
29  (749,640)  (703,652)  (739,594)  (795,617)
167  (827,2042)  (781,2061)
209  (1504,2422)  (1458,2441)
3  (593,399)  (639,362)
161  (1802,1914)  (1756,1933)
2  (435,395)  (481,362)
162  (1956,1920)  (1910,1936)  (1910,1890)
1  (294,390)  (340,362)
163  (259,2044)
164  (375,2039)  (329,2060)
7  (1187,393)  (1233,362)
30  (897,636)  (851,651)  (896,590)  (943,615)
6  (1044,389)  (1090,362)
5  (897,392)  (851,395)  (943,362)
32  (1189,639)  (1190,593)  (1235,639)
4  (744,396)  (790,362)
31  (1050,636)  (1004,652)  (1046,590)
160  (1650,1913)  (1604,1932)
9  (1489,395)  (1535,362)
8  (1348,392)  (1302,395)  (1394,362)
211  (1805,2422)  (1759,2441)
212  (1943,2416)  (1989,2405)
210  (1655,2425)  (1609,2441)
19  (1118,505)  (1164,485)
17  (818,505)  (864,485)
179  (750,2174)  (704,2188)  (742,2128)
18  (975,509)  (929,524)  (969,463)
178  (598,2173)  (552,2187)  (594,2127)  (644,2152)
15  (521,512)  (475,522)  (514,466)  (567,487)
177  (446,2171)  (400,2186)  (492,2151)
16  (671,506)  (625,522)  (717,487)
176  (294,2173)  (294,2127)  (340,2150)
13  (255,505)
14  (371,507)  (325,522)  (417,487)
11  (1801,397)  (1755,397)
12  (1947,393)  (1901,395)  (1993,362)
21  (1427,511)  (1381,525)  (1415,465)
170  (1274,2044)  (1228,2060)  (1271,1998)  (1320,2025)
20  (1272,506)  (1226,523)  (1318,487)
171  (1431,2046)  (1385,2064)  (1385,2018)
174  (1878,2043)  (1832,2062)
175  (1993,2045)
172  (1577,2041)  (1531,2061)
173  (1726,2039)  (1680,2061)
188  (254,2297)
187  (1950,2189)  (1904,2188)  (1950,2143)
189  (371,2294)  (325,2314)  (373,2340)  (417,2279)
180  (904,2174)  (858,2191)  (892,2128)
10  (1642,393)  (1688,362)
181  (1047,2177)  (1001,2187)  (1037,2131)  (1093,2151)
182  (1197,2177)  (1151,2187)  (1187,2131)  (1243,2151)
183  (1351,2170)  (1305,2189)
184  (1491,2175)  (1490,2129)  (1537,2148)
185  (1646,2177)  (1600,2186)  (1637,2131)  (1692,2151)
186  (1801,2174)  (1755,2189)  (1792,2128)
116  (681,1530)  (635,1552)  (635,1506)
79  (749,1143)  (703,1164)  (795,1129)
117  (825,1533)  (779,1548)  (819,1487)
78  (594,1141)  (600,1187)  (640,1126)
Base H  (1649,2633)
114  (368,1529)  (414,1509)
77  (444,1146)  (490,1126)
Base G  (1507,2635)
115  (524,1531)  (478,1548)  (570,1513)
112  (1943,1406)  (1942,1360)  (1989,1381)
113  (251,1528)
110  (1655,1403)  (1609,1423)
111  (1796,1402)  (1750,1418)  (1842,1383)
Base B  (780,2633)
Base A  (635,2631)
Base F  (1365,2631)
Base E  (1215,2635)
Base D  (1074,2635)
118  (978,1533)  (932,1550)  (969,1487)
Base C  (930,2631)
119  (1129,1531)  (1083,1551)
82  (1193,1145)  (1239,1125)
83  (1347,1143)  (1301,1163)  (1393,1127)
80  (899,1150)  (853,1164)  (892,1104)  (945,1129)
81  (1047,1146)  (1001,1163)  (1093,1127)
86  (1793,1144)  (1839,1125)
87  (1950,1143)  (1904,1164)
84  (1499,1148)  (1453,1164)  (1496,1102)  (1545,1129)
85  (1641,1148)  (1646,1102)  (1687,1148)
125  (1993,1541)
67  (820,1019)  (774,1033)  (866,998)
66  (681,1022)  (635,1040)  (635,994)
126  (298,1658)  (252,1675)  (344,1640)
69  (1123,1014)  (1077,1035)  (1123,1060)  (1169,1000)
127  (450,1659)  (404,1676)
68  (967,1019)  (1013,997)
128  (601,1663)  (555,1677)  (590,1617)
121  (1428,1534)  (1382,1550)  (1417,1488)
122  (1578,1530)  (1532,1550)
123  (1720,1537)  (1674,1545)  (1712,1491)  (1766,1510)
124  (1878,1531)  (1832,1550)
129  (753,1658)  (707,1678)
70  (1270,1013)  (1224,1033)  (1275,1059)  (1316,998)
71  (1418,1017)  (1464,997)
120  (1278,1532)  (1232,1550)  (1271,1486)
72  (1570,1017)  (1524,1033)  (1616,998)
73  (1719,1024)  (1714,978)  (1765,998)
74  (1870,1022)  (1824,1033)  (1867,976)  (1916,998)
75  (1989,1018)
76  (287,1146)  (333,1122)  (333,1168)
134  (1502,1660)  (1456,1677)  (1496,1614)
135  (1656,1659)  (1610,1680)  (1610,1634)
132  (1201,1658)  (1155,1677)
59  (1494,887)  (1540,870)
133  (1357,1659)  (1311,1680)  (1311,1634)
58  (1350,886)  (1304,908)
138  (259,1791)
57  (1194,882)  (1205,928)  (1240,870)
139  (374,1785)  (328,1804)  (420,1769)
136  (1805,1658)  (1759,1679)
56  (1046,889)  (1000,906)  (1092,871)
137  (1956,1659)  (1910,1680)  (1910,1634)
55  (897,883)  (851,907)  (904,929)  (943,871)
64  (377,1020)  (331,1037)  (371,974)
65  (526,1017)  (480,1037)
62  (1944,885)  (1950,931)  (1990,870)
63  (251,1009)
60  (1636,892)  (1646,846)  (1682,892)
131  (1050,1660)  (1004,1676)  (1046,1614)
61  (1795,890)  (1749,905)  (1841,870)
130  (899,1660)  (853,1676)  (896,1614)  (945,1641)
49  (1872,758)  (1826,779)  (1873,804)  (1918,743)
143  (978,1787)  (932,1806)
48  (1719,764)  (1721,718)  (1765,764)
144  (1122,1783)  (1076,1803)  (1168,1767)
145  (1279,1787)  (1233,1807)
146  (1426,1787)  (1380,1805)
45  (1273,757)  (1227,779)  (1275,803)  (1319,744)
147  (1570,1783)  (1524,1801)  (1616,1766)
44  (1123,760)  (1077,779)  (1169,744)
148  (1729,1786)  (1683,1807)
47  (1573,761)  (1527,779)  (1619,744)
149  (1879,1786)  (1833,1807)
46  (1419,754)  (1430,800)  (1465,742)
51  (298,890)  (252,907)  (344,872)
52  (446,888)  (400,906)  (492,871)
53  (599,884)  (553,908)  (602,930)  (645,873)
54  (746,883)  (700,906)  (754,929)  (792,871)
140  (520,1787)  (474,1801)  (566,1766)
142  (827,1789)  (781,1805)  (819,1743)
50  (1989,763)
141  (677,1783)  (631,1805)
109  (1499,1401)  (1453,1420)  (1545,1385)
108  (1351,1401)  (1305,1421)
107  (1207,1399)  (1161,1424)  (1161,1378)
106  (1069,1390)  (1023,1431)  (1023,1385)
105  (901,1406)  (855,1421)  (892,1360)
104  (752,1404)  (706,1421)  (746,1358)
103  (598,1400)  (552,1419)  (644,1384)
99  (1875,1278)  (1829,1292)  (1867,1232)
102  (448,1396)  (402,1419)  (452,1442)  (494,1384)
101  (297,1401)  (251,1419)  (343,1383)
100  (1994,1296)  (1985,1250)
98  (1725,1275)  (1679,1292)
97  (1576,1275)  (1530,1293)
96  (1425,1271)  (1379,1292)
95  (1283,1274)  (1237,1297)  (1237,1251)
94  (1127,1274)  (1081,1293)
93  (977,1277)  (931,1293)  (969,1231)
92  (825,1271)  (779,1292)
91  (673,1273)  (627,1291)  (719,1256)
90  (525,1274)  (479,1292)
88  (256,1273)
89  (376,1274)  (330,1293)
195  (1276,2299)  (1230,2317)
194  (1130,2302)  (1084,2319)  (1117,2256)
197  (1579,2311)  (1533,2319)  (1551,2265)
196  (1423,2309)  (1377,2315)  (1405,2263)  (1469,2280)
191  (679,2297)  (633,2319)
190  (524,2294)  (478,2316)  (570,2281)
193  (971,2299)  (925,2314)  (1017,2279)
192  (822,2301)  (776,2315)  (819,2255)  (868,2279)
198  (1717,2301)  (1719,2255)  (1763,2301)
199  (1871,2303)  (1825,2314)  (1865,2257)  (1917,2279)